-987.4067713463278
-926.0014949891398
-865.2547117433822
-805.1244595577691
-745.570410544268
-686.5538882054541
-628.0378863606757
-569.9870899494116
-512.36789791347
-455.148448384009
-398.2986464281271
-341.7901946412322
-285.5966269067779
-229.69334568357377
-174.05766322254186
-118.66884715818901
-63.508170962908444
-8.558969790162728
46.19329774198235
100.76098127588062
155.15416344573666
209.38057724989395
263.445515990217
317.35173626928406
371.09935558117013
424.68574793121235
478.105444363443
531.3500515623269
584.4082134186418
637.2656623451433
689.9054551990388
742.3085391128973
794.4553548025459
846.3266271476618
897.9258242086515
949.1884581045243
1000.6736765192777
1050.2454150588524
1108.7415131736047
1142.5037492731376
1202.84941343814
1215.5915756621673
1227.2596446978628
1285.427134636537
1286.0623522737812
1365.2248532274896
1365.2458644245157
1454.6044766750722
1454.6049755873132
1551.9160502899904
1551.9160605182863
1656.1754027591587
1656.1754046761775
1766.7829368691368
1766.7829393755098
1883.3417481164897
1883.3417514899556
2005.572854603582
2005.5728590099152
2133.2715731188196
2133.271578735554
2266.2828327548577
2266.282839773101
2404.486177031722
2404.486185656519
2547.7861433888925
2547.7861538395696
2696.105821438566
2696.105833949061
2849.382387126693
2849.382401945872
3007.5639165426023
3007.563933934564
3170.6070572339822
3170.6070774783493
3338.4752909539084
3338.4753143461044
3511.137614514553
3511.1376413660673
3688.567522592167
3688.5675532308032
3870.742212698357
3870.7422474684718
4057.641956317676
4057.641995580395
4249.249596148089
4249.249640281519
4445.550140291179
4445.550189690592
4646.530431852971
4646.530486930989
4852.178877822552
4852.178939009302
5062.485224994332
5062.485292737591
5277.440373551531
5277.440448316856
5497.036221041118
5497.036303311963
5721.2655310542605
5721.265621332066
5950.121822126448
5950.121920930728
6183.599273289936
6183.599381158337
6421.692643420571
6421.6927609089225
6664.397202073678
6664.3973297560215
6911.70866993747
6911.70880840607
7163.623167375647
7163.623317240988
7420.13716980406
7420.137331694825
7681.24746886532
7681.24764342835
7946.951138541795
7946.951326442034
8217.245505490653
8217.245707411068
8492.128123001246
8492.128339642737
8771.59674807087
8771.596980152159
9055.649321173485
9055.649569430989
9344.283948361272
9344.284213548948
9637.49888539273
9637.499168281916
9935.292523626244
9935.292825005468
10237.663377455687
10237.66369813047
10544.61007309637
10544.610413889
10856.131338556232
10856.131700305523
11172.225994649922
11172.226378210959
11492.892946932467
11492.893353176323
11818.13117844558
11818.131608259024
12147.93974318358
12147.940197468757
12482.31776019781
12482.318239871907
12821.264408268695
12821.264914263591
13164.778921083342
13164.779454345233
13512.860582864208
13512.861144353219
13865.508724400948
13865.509315090716
14222.722719443167
14222.723340320423
14584.501981416865
14584.502633480977
14950.845960431558
14950.846644694075
15321.754140548885
15321.754858033044
15697.226037286755
15697.226789026983
16077.261195335976
16077.261982377366
16461.859186468842
16461.860009866617
16851.019607621376
16851.02046844032
17244.74207913282
17244.742978446724
17643.02624312776
17643.027182018806
18045.871762027833
18045.872741585994
18453.278317181106
18453.279338503504
18865.245607598663
18865.24667178894
19281.773348788913
19281.774456956555
19702.861271680922
19702.862424940577
20128.509121629162
20128.510321099937
20558.716657492627
20558.71790429738
20993.48365078206
20993.484946046665
21432.809884869526
21432.81122972212
21876.6951542552
21876.696549825425
22325.139263886605
22325.14071130481
22778.142028526152
