-991.891833334783
-939.3669483950372
-887.3290463525724
-835.7516932620745
-784.609321325977
-733.8772363980765
-683.5316261126326
-633.5495686941688
-583.9090425090374
-534.588936426281
-485.5690610621326
-436.8301609908527
-388.35392801298207
-340.1230155816849
-292.1210544984153
-244.33267000020697
-196.7435003728415
-149.34021723647058
-102.11054766248405
-55.043298291822154
-8.128381634193879
38.643155267472245
85.27909962542753
131.78603898225117
178.1693244431189
224.4330310071131
270.57991506667054
316.61136936191883
362.52737604092727
408.3264590813478
454.0056383310838
499.5603890968987
544.9846140283694
590.270638873879
635.4092521561109
680.3898238833789
725.2005680789381
769.8290559256519
814.2633074058808
858.4931555100181
902.5186725621274
946.3289903758766
990.1051307925854
1033.2621327449415
1079.6074691552783
1116.437340562405
1177.9107906559277
1184.3654713603157
1212.5051785212745
1240.0668361889204
1242.466444219548
1300.8839731901094
1300.9879006580259
1370.1836237328469
1370.1867687086683
1370.1836237328469
1528.5657574672018
1528.565754113782
1528.5657574672018
1615.8726179103157
1615.8726208179871
1707.946181322901
1707.9461852513064
1804.494619348196
1804.4946245136246
1905.3065659928575
1905.306572606996
2010.2231785991469
2010.2231868881818
2119.121669253092
2119.1216794582697
2231.904979497568
2231.9049918755086
2348.4949876769633
2348.4950024999594
2468.827864296805
2468.827881853108
2592.85079386984
2592.850814463931
2720.5195991699065
2720.5196231227533
2851.79698044322
2851.797008092521
2986.651185064057
2986.6512167644682
3125.0549855206445
3125.055021643996
3266.9848827447445
3266.984923680235
3412.420477067094
3412.420523221476
3561.3439658269144
3561.3440176246604
3713.739738018552
3713.739795902006
3869.5940442162987
3869.594108645812
4028.8947255567973
4028.894797010847
4191.630989526888
4191.631068502179
4357.793223191038
4357.793310202592
4527.372836620489
4527.372932201708
4700.362130874745
4700.36223557747
4876.754186085443
4876.754300479979
5056.54276610768
5056.542890782827
5239.722236908949
5239.72237247199
5426.287496413714
5426.287643490405
5616.233913951296
5616.234073185826
5809.5572777938605
5809.5574498488
6006.253749541315
6006.253935097546
6206.319824326013
6206.320024082636
6409.752295984434
6409.7525106586645
6616.548226484256
6616.548456811295
6826.704919010419
6826.70516574331
7040.219894208147
7040.220158117611
7257.090869158646
7257.091151032904
7477.315738727547
7477.316039372114
7700.892558979575
7700.892879217043
7927.819532397596
7927.819873067397
8158.094994681565
8158.095356639713
8391.717402934351
8391.717787053167
8628.68532506797
8628.685732235785
8868.99743028621
8868.997861407051
9112.65248051884
9112.652936512104
9359.64932269873
9359.649804498824
9609.986881787308
9609.987390343282
9863.664154465607
9863.664690740765
10120.680203418473
10120.68076838996
10381.034152148355
10381.03474680674
10644.72518026275
10644.725805611566
10911.752519186011
10911.7531762413
11182.115448251969
11182.116138041796
11455.81329113887
11455.814014702819
11732.845412612429
11732.846171001082
12013.21121554674
12013.212009821142
12296.91013819599
12296.910969427085
12583.941651692989
12583.942520961049
12874.305257753034
12874.30616614706
13168.000486563904
13168.001435181022
13465.026894844881
13465.027884789699
13765.38406405931
13765.385096443282
14069.07159876694
14069.072674707695
14376.089125103586
14376.090245724248
14686.436289376927
14686.437455805411
15000.112756768356
15000.113970136654
15317.118210131735
15317.11947157518
15637.45234888091
15637.453659537428
15961.114887958423
15961.11624896776
16288.105556878778
16288.106969381726
16618.424098840074
